18740029300
18740029301
18740029302
18740029303
18740029304
18740029306
18740029307
18740029308
18740029309
18740029310
18740029311
18740029313
18740029314
18740029315
18740029316
18740029317
18740029318
18740029319
18740029320
18740029321
18740029322
18740029323
18740029324
18740029325
18740029326
18740029327
18740029328
18740029329
18740029330
18740029331
18740029332
18740029334
18740029335
18740029336
18740029337
18740029338
18740029339
18740029340
18740029341
18740029342
18740029343
18740029344